1770759698069 9.990133642141359e-05 1
1770759711004 9.96057350657239e-05 2
1770759725502 9.911436253643444e-05 3
1770759740180 9.842915805643155e-05 4
1770759750050 9.755282581475769e-05 5
1770759759736 9.648882429441257e-05 6
1770759773740 9.524135262330098e-05 7
1770759783508 9.381533400219317e-05 8
1770759792980 9.221639627510075e-05 9
1770759806967 9.045084971874735e-05 10
1770759823061 8.852566213878945e-05 11
1770759833367 8.644843137107056e-05 12
1770759843555 8.422735529643442e-05 13
1770759853726 8.187119948743447e-05 14
1770759868038 7.938926261462366e-05 15
1770759878513 7.679133974894982e-05 16
1770759892188 7.408768370508575e-05 17
1770759902373 7.128896457825361e-05 18
1770759912774 6.840622763423389e-05 19
1770759923152 6.545084971874736e-05 20
1770759934171 6.243449435824272e-05 21
1770759947640 5.9369065729286224e-05 22
1770759957677 5.626666167821521e-05 23
1770759972418 5.3139525976465657e-05 24
1770759982443 4.999999999999998e-05 25
1770759992386 4.6860474023534314e-05 26
1770760001749 4.3733338321784775e-05 27
1770760011680 4.063093427071375e-05 28
1770760021425 3.756550564175724e-05 29
1770760031260 3.454915028125263e-05 30
1770760041974 3.1593772365766105e-05 31
1770760051857 2.8711035421746357e-05 32
1770760065733 2.591231629491422e-05 33
1770760079694 2.3208660251050148e-05 34
1770760089388 2.061073738537634e-05 35
1770760098991 1.8128800512565503e-05 36
1770760108710 1.5772644703565555e-05 37
1770760118531 1.3551568628929426e-05 38
1770760128385 1.1474337861210536e-05 39
1770760138311 9.549150281252626e-06 40
1770760149005 7.783603724899252e-06 41
1770760158920 6.184665997806817e-06 42
1770760168539 4.75864737669903e-06 43
1770760178447 3.5111757055874303e-06 44
1770760188248 2.4471741852423216e-06 45
1770760198183 1.5708419435684504e-06 46
1770760212527 8.856374635655631e-07 47
1770760222340 3.942649342761114e-07 48
1770760232390 9.866357858642197e-08 49
1770760242042 0.0 50
