1770759698069 53.91705069124424 1
1770759711004 64.17050691244239 2
1770759725502 66.93548387096774 3
1770759740180 65.3225806451613 4
1770759750050 69.70046082949308 5
1770759759736 74.53917050691244 6
1770759773740 76.61290322580645 7
1770759783508 76.84331797235023 8
1770759792980 77.1889400921659 9
1770759806967 78.80184331797236 10
1770759823061 82.02764976958525 11
1770759833367 82.83410138248848 12
1770759843555 82.25806451612904 13
1770759853726 83.06451612903226 14
1770759868038 84.44700460829493 15
1770759878513 84.90783410138249 16
1770759892188 83.7557603686636 17
1770759902373 86.63594470046083 18
1770759912774 86.05990783410138 19
1770759923152 85.71428571428571 20
1770759934171 88.0184331797235 21
1770759947640 88.82488479262673 22
1770759957677 85.9447004608295 23
1770759972418 87.55760368663594 24
1770759982443 87.67281105990783 25
1770759992386 87.32718894009217 26
1770760001749 89.86175115207374 27
1770760011680 90.09216589861751 28
1770760021425 89.28571428571429 29
1770760031260 89.0552995391705 30
1770760041974 89.0552995391705 31
1770760051857 90.55299539170507 32
1770760065733 91.12903225806451 33
1770760079694 90.78341013824885 34
1770760089388 91.58986175115207 35
1770760098991 91.12903225806451 36
1770760108710 90.89861751152074 37
1770760118531 91.70506912442396 38
1770760128385 90.78341013824885 39
1770760138311 92.74193548387096 40
1770760149005 91.2442396313364 41
1770760158920 91.93548387096774 42
1770760168539 92.05069124423963 43
1770760178447 92.16589861751152 44
1770760188248 91.3594470046083 45
1770760198183 90.78341013824885 46
1770760212527 93.31797235023042 47
1770760222340 91.47465437788019 48
1770760232390 93.20276497695852 49
1770760242042 91.93548387096774 50
