1770759698069 0.8675193967563766 1
1770759711004 0.614044186260019 2
1770759725502 0.5503131342785699 3
1770759740180 0.5408903977700642 4
1770759750050 0.49654480602060047 5
1770759759736 0.44540131304945263 6
1770759773740 0.4260232097336224 7
1770759783508 0.4058941975235939 8
1770759792980 0.41819648817181587 9
1770759806967 0.47720821627548765 10
1770759823061 0.38783189228602816 11
1770759833367 0.36852002888917923 12
1770759843555 0.3705646800143378 13
1770759853726 0.35586422947900637 14
1770759868038 0.30584063726876465 15
1770759878513 0.32521797876272884 16
1770759892188 0.30799761041998863 17
1770759902373 0.2885224510516439 18
1770759912774 0.2853444798716477 19
1770759923152 0.29020578866558416 20
1770759934171 0.2592523901590279 21
1770759947640 0.23613303314362252 22
1770759957677 0.27674023115209173 23
1770759972418 0.27310980829809395 24
1770759982443 0.2782431486994028 25
1770759992386 0.24209263095898287 26
1770760001749 0.2153066143925701 27
1770760011680 0.21384557276698096 28
1770760021425 0.22857315811727727 29
1770760031260 0.2610253843345812 30
1770760041974 0.23160767502018384 31
1770760051857 0.19038880403552735 32
1770760065733 0.1959969490500433 33
1770760079694 0.1784764688595065 34
1770760089388 0.17513162562889711 35
1770760098991 0.1892733717603343 36
1770760108710 0.17348982566701515 37
1770760118531 0.16433157785130398 38
1770760128385 0.17911649788064615 39
1770760138311 0.16824512356626137 40
1770760149005 0.1748358373131071 41
1770760158920 0.16764466331473418 42
1770760168539 0.17145588648106372 43
1770760178447 0.17275769236896718 44
1770760188248 0.1654317889894758 45
1770760198183 0.162942093663982 46
1770760212527 0.15125150053894945 47
1770760222340 0.16923017407368338 48
1770760232390 0.18211069303963864 49
1770760242042 0.16514539359403507 50
