1770760425158 9.990133642141359e-05 1
1770760435934 9.96057350657239e-05 2
1770760446282 9.911436253643444e-05 3
1770760456924 9.842915805643155e-05 4
1770760466860 9.755282581475769e-05 5
1770760477133 9.648882429441257e-05 6
1770760487130 9.524135262330098e-05 7
1770760496958 9.381533400219317e-05 8
1770760506789 9.221639627510075e-05 9
1770760517164 9.045084971874735e-05 10
1770760526550 8.852566213878945e-05 11
1770760536528 8.644843137107056e-05 12
1770760547084 8.422735529643442e-05 13
1770760556577 8.187119948743447e-05 14
1770760566643 7.938926261462366e-05 15
1770760576408 7.679133974894982e-05 16
1770760586153 7.408768370508575e-05 17
1770760595666 7.128896457825361e-05 18
1770760604674 6.840622763423389e-05 19
1770760614267 6.545084971874736e-05 20
1770760623739 6.243449435824272e-05 21
1770760632938 5.9369065729286224e-05 22
1770760642456 5.626666167821521e-05 23
1770760651510 5.3139525976465657e-05 24
1770760660686 4.999999999999998e-05 25
1770760670342 4.6860474023534314e-05 26
1770760679925 4.3733338321784775e-05 27
1770760689556 4.063093427071375e-05 28
1770760699357 3.756550564175724e-05 29
1770760708383 3.454915028125263e-05 30
1770760717556 3.1593772365766105e-05 31
1770760727209 2.8711035421746357e-05 32
1770760736760 2.591231629491422e-05 33
1770760746753 2.3208660251050148e-05 34
1770760755889 2.061073738537634e-05 35
1770760765281 1.8128800512565503e-05 36
1770760775256 1.5772644703565555e-05 37
1770760785681 1.3551568628929426e-05 38
1770760795853 1.1474337861210536e-05 39
1770760805602 9.549150281252626e-06 40
1770760815589 7.783603724899252e-06 41
1770760824931 6.184665997806817e-06 42
1770760834460 4.75864737669903e-06 43
1770760844580 3.5111757055874303e-06 44
1770760854224 2.4471741852423216e-06 45
1770760864428 1.5708419435684504e-06 46
1770760873837 8.856374635655631e-07 47
1770760883388 3.942649342761114e-07 48
1770760893161 9.866357858642197e-08 49
1770760903279 0.0 50
