1770760425158 1.0186579206160136 1
1770760435934 0.9235141596623829 2
1770760446282 0.8892140580075127 3
1770760456924 0.8909823511328016 4
1770760466860 0.8691218686955315 5
1770760477133 0.8333750367164612 6
1770760487130 0.8365026222808021 7
1770760496958 0.8857237547636032 8
1770760506789 0.8578577637672424 9
1770760517164 0.8414208803858075 10
1770760526550 0.8837235825402396 11
1770760536528 0.8403488525322506 12
1770760547084 0.8333659597805568 13
1770760556577 0.811216624719756 14
1770760566643 0.7990315301077706 15
1770760576408 0.8028997842754636 16
1770760586153 0.8301201782056263 17
1770760595666 0.7973047835486275 18
1770760604674 0.8501625614506858 19
1770760614267 0.7921981130327497 20
1770760623739 0.8026721860681262 21
1770760632938 0.8148758688143322 22
1770760642456 0.8057013601064682 23
1770760651510 0.8132446557283401 24
1770760660686 0.7972064167261124 25
1770760670342 0.7678293309041432 26
1770760679925 0.768185841185706 27
1770760689556 0.7652015302862439 28
1770760699357 0.7523938406791005 29
1770760708383 0.7615659258195332 30
1770760717556 0.7534426429441997 31
1770760727209 0.755865820816585 32
1770760736760 0.7572374088423592 33
1770760746753 0.757688724568912 34
1770760755889 0.7807038319962365 35
1770760765281 0.7714361420699528 36
1770760775256 0.7519670703581401 37
1770760785681 0.752865691270147 38
1770760795853 0.7338197082281113 39
1770760805602 0.7513678478343147 40
1770760815589 0.7392989865371159 41
1770760824931 0.7462107113429478 42
1770760834460 0.7447872843061175 43
1770760844580 0.7668016169752393 44
1770760854224 0.7317648231983185 45
1770760864428 0.7439563146659306 46
1770760873837 0.719420354281153 47
1770760883388 0.7495718023606709 48
1770760893161 0.7440454597984042 49
1770760903279 0.7264837516205651 50
