1770760425158 44.354838709677416 1
1770760435934 48.50230414746544 2
1770760446282 49.30875576036866 3
1770760456924 46.31336405529954 4
1770760466860 50.92165898617512 5
1770760477133 51.84331797235023 6
1770760487130 49.53917050691244 7
1770760496958 49.654377880184335 8
1770760506789 50.92165898617512 9
1770760517164 51.95852534562212 10
1770760526550 51.1520737327189 11
1770760536528 52.88018433179724 12
1770760547084 51.382488479262676 13
1770760556577 52.764976958525345 14
1770760566643 53.57142857142857 15
1770760576408 54.723502304147466 16
1770760586153 54.26267281105991 17
1770760595666 55.06912442396313 18
1770760604674 52.764976958525345 19
1770760614267 51.84331797235023 20
1770760623739 54.60829493087557 21
1770760632938 52.995391705069125 22
1770760642456 55.184331797235025 23
1770760651510 51.49769585253456 24
1770760660686 55.06912442396313 25
1770760670342 53.45622119815668 26
1770760679925 53.91705069124424 27
1770760689556 54.3778801843318 28
1770760699357 55.76036866359447 29
1770760708383 54.14746543778802 30
1770760717556 56.79723502304147 31
1770760727209 55.99078341013825 32
1770760736760 55.52995391705069 33
1770760746753 52.995391705069125 34
1770760755889 57.25806451612903 35
1770760765281 55.184331797235025 36
1770760775256 57.94930875576037 37
1770760785681 56.68202764976959 38
1770760795853 58.64055299539171 39
1770760805602 57.37327188940092 40
1770760815589 57.37327188940092 41
1770760824931 56.22119815668203 42
1770760834460 55.76036866359447 43
1770760844580 59.21658986175115 44
1770760854224 55.87557603686636 45
1770760864428 57.94930875576037 46
1770760873837 57.94930875576037 47
1770760883388 56.68202764976959 48
1770760893161 56.22119815668203 49
1770760903279 57.25806451612903 50
