1770760951001 9.990133642141359e-05 1
1770760959832 9.96057350657239e-05 2
1770760970946 9.911436253643444e-05 3
1770760979582 9.842915805643155e-05 4
1770760991349 9.755282581475769e-05 5
1770761003450 9.648882429441257e-05 6
1770761015619 9.524135262330098e-05 7
1770761024044 9.381533400219317e-05 8
1770761032404 9.221639627510075e-05 9
1770761040657 9.045084971874735e-05 10
1770761052836 8.852566213878945e-05 11
1770761064256 8.644843137107056e-05 12
1770761072625 8.422735529643442e-05 13
1770761081353 8.187119948743447e-05 14
1770761090930 7.938926261462366e-05 15
1770761099926 7.679133974894982e-05 16
1770761109595 7.408768370508575e-05 17
1770761119418 7.128896457825361e-05 18
1770761128448 6.840622763423389e-05 19
1770761137068 6.545084971874736e-05 20
1770761150369 6.243449435824272e-05 21
1770761158999 5.9369065729286224e-05 22
1770761170819 5.626666167821521e-05 23
1770761179324 5.3139525976465657e-05 24
1770761188089 4.999999999999998e-05 25
1770761197452 4.6860474023534314e-05 26
1770761206285 4.3733338321784775e-05 27
1770761215616 4.063093427071375e-05 28
1770761225159 3.756550564175724e-05 29
1770761234610 3.454915028125263e-05 30
1770761244991 3.1593772365766105e-05 31
1770761257773 2.8711035421746357e-05 32
1770761271262 2.591231629491422e-05 33
1770761283737 2.3208660251050148e-05 34
1770761293344 2.061073738537634e-05 35
1770761302726 1.8128800512565503e-05 36
1770761311714 1.5772644703565555e-05 37
1770761321037 1.3551568628929426e-05 38
1770761330340 1.1474337861210536e-05 39
1770761339437 9.549150281252626e-06 40
1770761349354 7.783603724899252e-06 41
1770761358347 6.184665997806817e-06 42
1770761367912 4.75864737669903e-06 43
1770761377521 3.5111757055874303e-06 44
1770761387084 2.4471741852423216e-06 45
1770761396766 1.5708419435684504e-06 46
1770761406182 8.856374635655631e-07 47
1770761415913 3.942649342761114e-07 48
1770761425345 9.866357858642197e-08 49
1770761434773 0.0 50
