1770760951001 55.184331797235025 1
1770760959832 70.6221198156682 2
1770760970946 70.85253456221199 3
1770760979582 76.95852534562212 4
1770760991349 79.14746543778801 5
1770761003450 79.60829493087557 6
1770761015619 82.02764976958525 7
1770761024044 83.17972350230414 8
1770761032404 82.37327188940093 9
1770761040657 84.21658986175115 10
1770761052836 85.48387096774194 11
1770761064256 82.48847926267281 12
1770761072625 85.02304147465438 13
1770761081353 85.13824884792626 14
1770761090930 89.74654377880184 15
1770761099926 88.13364055299539 16
1770761109595 88.94009216589862 17
1770761119418 90.2073732718894 18
1770761128448 90.09216589861751 19
1770761137068 90.2073732718894 20
1770761150369 86.17511520737327 21
1770761158999 91.3594470046083 22
1770761170819 90.78341013824885 23
1770761179324 90.2073732718894 24
1770761188089 92.62672811059907 25
1770761197452 92.16589861751152 26
1770761206285 93.4331797235023 27
1770761215616 94.47004608294931 28
1770761225159 94.35483870967742 29
1770761234610 94.35483870967742 30
1770761244991 96.54377880184332 31
1770761257773 95.6221198156682 32
1770761271262 96.31336405529954 33
1770761283737 96.31336405529954 34
1770761293344 97.00460829493088 35
1770761302726 95.50691244239631 36
1770761311714 97.46543778801843 37
1770761321037 96.7741935483871 38
1770761330340 96.08294930875576 39
1770761339437 97.6958525345622 40
1770761349354 95.50691244239631 41
1770761358347 96.19815668202764 42
1770761367912 96.31336405529954 43
1770761377521 97.23502304147465 44
1770761387084 97.00460829493088 45
1770761396766 96.7741935483871 46
1770761406182 97.8110599078341 47
1770761415913 95.6221198156682 48
1770761425345 97.58064516129032 49
1770761434773 96.08294930875576 50
