1770760951001 0.7786828481725284 1
1770760959832 0.5319304785558155 2
1770760970946 0.4930563973528998 3
1770760979582 0.4069395943411759 4
1770760991349 0.3837091310748032 5
1770761003450 0.3643563224800995 6
1770761015619 0.356704125979117 7
1770761024044 0.3706033719437463 8
1770761032404 0.32920567212360247 9
1770761040657 0.2930038736334869 10
1770761052836 0.2857472263276577 11
1770761064256 0.42462472724063055 12
1770761072625 0.30279668513685465 13
1770761081353 0.2929069202925478 14
1770761090930 0.23096286452242307 15
1770761099926 0.2438058778643608 16
1770761109595 0.21779172561530555 17
1770761119418 0.20309772262615816 18
1770761128448 0.197029478049704 19
1770761137068 0.29913720089410034 20
1770761150369 0.3224966629807438 21
1770761158999 0.20540440694562026 22
1770761170819 0.18848769845707075 23
1770761179324 0.19188009202480316 24
1770761188089 0.16578278916754893 25
1770761197452 0.16166736025895392 26
1770761206285 0.14302086364477873 27
1770761215616 0.19150291556226356 28
1770761225159 0.12936679114188468 29
1770761234610 0.11668531786251281 30
1770761244991 0.09675084699743561 31
1770761257773 0.09370967266815049 32
1770761271262 0.08488384544450257 33
1770761283737 0.1097620964116816 34
1770761293344 0.1012657914709832 35
1770761302726 0.09679862892621063 36
1770761311714 0.07382499679390873 37
1770761321037 0.07489828093509589 38
1770761330340 0.16331891668960452 39
1770761339437 0.12189655491550054 40
1770761349354 0.08375371816301984 41
1770761358347 0.09941251622512937 42
1770761367912 0.0851035499945283 43
1770761377521 0.0779579306420471 44
1770761387084 0.07982503682641047 45
1770761396766 0.11304327143755342 46
1770761406182 0.056110242647784095 47
1770761415913 0.13712378491514496 48
1770761425345 0.06948653967784983 49
1770761434773 0.09063057508319616 50
